image_width: 640
image_height: 480
camera_name: head_camera
#narrow_stereo
camera_matrix:
  rows: 3
  cols: 3
  data: [631.40789,   0.     , 355.7635 ,
           0.     , 584.48921, 262.38908,
           0.     ,   0.     ,   1.     ]
distortion_model: plumb_bob
distortion_coefficients:
  rows: 1
  cols: 5
  data: [0.054767, -0.018988, -0.003336, 0.013072, 0.000000]
rectification_matrix:
  rows: 3
  cols: 3
  data: [1., 0., 0.,
         0., 1., 0.,
         0., 0., 1.]
projection_matrix:
  rows: 3
  cols: 4
  data: [642.06299,   0.     , 361.97761,   0.     ,
           0.     , 600.10364, 260.3154 ,   0.     ,
           0.     ,   0.     ,   1.     ,   0.     ]
